0.355822281991378 -0.5605947477712807 0
0.07797623809442203 -0.0513486668879218 0
-0.6158771610282394 -1.801074810961926 0
0.1588611085743956 -0.6425830848775155 0
0.624978522706091 1.220887798401561 0
-0.15626448847397878 0.5561874480086311 0
0.5278439569936223 1.6073006351326824 0
-0.004872144628014989 0.009671547277894904 0
0.02700152511194915 0.1283517395250784 0
0.10919820248688339 -0.7871060469898524 0
-1.1616439156065916 1.0382734196158938 0
-0.9123007555363313 -1.3787485347054111 0
-0.02539393636800792 -0.10905159144748881 0
-1.2148250959356182 -2.492017286285259 0
-1.397403384030969 -0.10909343510842938 0
-0.20967960752492495 0.7304793237551759 0
0.17665207144694467 -0.021389999500575296 0
1.016392618520522 -0.4661128388592857 0
0.3807683791354354 -1.182203777647273 0
0.08727253179570042 -0.12305141157729124 0
-2.651151443557224 -3.172418157191756 0
1.1436739034217565 0.5499951581385144 0
0.3392566528238664 -0.07499412783297821 0
-0.7389433718915879 -2.3245698477269423 0
-1.4658045300658147 -0.6798829768395104 0
-0.06321380305201951 -0.6411065437351944 0
-1.1671251340011715 0.7414613877261597 0
-1.1595387881718497 0.15378252935248107 0
-0.0024166418162878227 0.005640392447474068 0
-1.8853356256392675 0.505558757156727 0
1.2477073999354331 -0.783293199136573 0
0.0006100625201552896 0.0677771699792232 0
-1.442637999303155 0.2227395467799277 0
-1.5165618825999236 -0.1634672536777568 0
-0.019117854189224365 -0.5853775613514578 0
1.5813828008183326 0.31947067086405184 0
-1.287442531421316 -0.07159766534484836 0
0.5584332373336486 0.7305017085169271 0
0.15432226883099195 0.06838261948040412 0
0.7532457167803779 -1.086738355942411 0
-0.691824064921826 1.7148901468943283 0
-1.0639469454304944 0.677818152696011 0
0.13415175832964113 0.2658468157755874 0
-0.601095005409675 -0.31065053183980307 0
-1.0244784202805253 0.09441659191702677 0
0.20331181158833914 -0.5714813644011519 0
0.4135329325468927 0.1435763004712711 0
0.8499373784355001 -0.24079114683529756 0
-0.3080527730097446 -0.19581247496051482 0
0.27792158119194516 -0.062498058794398785 0
-0.1303318877057221 -0.11262968357474265 0
0.3472878674447137 -0.18626999000444264 0
-0.02127346812721283 0.2363865813530617 0
0.3552668039870331 -0.3683405849491451 0
0.09326220917668568 -0.7467941301890864 0
1.0861163683883848 -0.09731505385247527 0
-1.9929000265957124 0.6963890579069174 0
0.04437169860302278 0.23627218343675482 0
0.4529652368343521 0.3155457694940896 0
0.257768439404753 -0.02415455675286312 0
-0.6173385015433299 -0.14322900166766103 0
-0.16909940382753075 0.12913321268131397 0
0.6235325902225803 0.3402414612829515 0
0.10741375156488248 1.0363559890281695 0
0.939980359093688 -0.5860544573131704 0
-0.9508010766444023 0.2121650914058673 0
0.7822186332200438 -0.40358903578332195 0
-0.19431871330058753 0.9334177947758835 0
-0.7869526358604416 0.13871136011677151 0
-0.09518994862582196 -0.031074227293956473 0
0.505011772450775 0.8566531290173154 0
0.46625250541186036 -0.5227787179803819 0
-0.71290107431255 -0.9530981218884848 0
0.42924073294240916 0.4734469951480672 0
0.22474951398287954 -0.8021063559158536 0
1.3264553382814765 1.5610231241495127 0
0.7886767351362804 -1.7606224916894055 0
-1.4104801502768178 0.54093101742085 0
0.28335930399302045 0.4584764550625635 0
0.25309431678369476 -0.1149126353080629 0
0.3149750331698358 -0.35011366028714014 0
-0.4247049262530554 0.6987885934350814 0
-1.1655477465674038 0.05399536275200867 0
-0.4149488347356471 0.2964829270446978 0
1.1794174397139268 -0.40334671851844367 0
0.2536405493154532 0.47411939840150236 0
-0.6544902026295357 1.7295048655763843 0
0.06304150584846385 -0.5923382524080231 0
-0.4750444561245189 0.5411610772705755 0
-0.2567450794926185 -0.07464337828986502 0
0.9689535768584913 -0.6364068377535665 0
-0.20315950841996502 2.0575513157108483 0
-0.18719177292490582 -0.07588967182203475 0
-0.09559798506503302 -0.08510231918560808 0
-0.4224831779977057 0.47514152488077205 0
-2.5348616829819797 -0.022081624146743126 0
1.8031923560814773 -0.1463956638267314 0
-0.004891517071642117 0.0763184058731824 0
0.6679268637736825 0.40381710907187496 0
-0.029162767249979613 -0.18308223050431954 0
4.619783195164523 4.502866229760175 1
5.1101044839496375 5.0305729925540925 1
5.147444528705207 7.128831886542613 1
4.837933756539591 4.881693303218038 1
5.887312461266688 4.604957057490056 1
5.107952119371748 5.328757120421938 1
5.0022106394252175 4.978792802085619 1
5.57090516710582 5.725764513116817 1
5.685773212401749 4.536828990862014 1
4.608998094990476 6.14413416736217 1
5.052859681619699 4.096656731349292 1
5.014121313231746 4.9843051027525815 1
4.314332161620715 4.542588768390517 1
4.9453257845373 5.0517177417668275 1
4.670884694157322 5.180502996359158 1
6.065024465508268 4.198777357649292 1
4.567670140568179 4.475226917413645 1
3.992580894898577 2.7138776380596803 1
3.4695694118468094 5.25945596392134 1
4.230752683048963 3.6005102724132367 1
4.002343990485849 6.5535396619295945 1
4.818337221095072 4.186967284182704 1
5.489079035137025 4.927906806549186 1
5.753716638454957 5.167931472129006 1
4.790609616512441 4.926222053785038 1
5.119751713122071 5.352647943954688 1
4.344128206967812 5.912497801176109 1
4.352693532326502 4.700222725639586 1
4.45461176779609 5.521645353539051 1
5.367610541099118 4.181787723687429 1
4.83005039660379 4.949377880812868 1
4.241963737313185 4.90322108131825 1
5.186101752856642 4.496688320903545 1
5.15314694550127 6.319885914378514 1
4.884388354787538 5.766910308969709 1
5.103692637859759 4.471955977592428 1
6.188016354036566 3.842304457222669 1
3.780097293214917 5.015836002615188 1
4.647774647988042 4.919320862481198 1
4.979128632872088 5.017573346676399 1
4.9689096409057125 4.986366186813801 1
4.457122406480449 5.511243628919555 1
5.019195971453598 3.925555534468624 1
4.727148663896891 5.058989773820898 1
2.7708576344234785 5.522370884678744 1
4.563063451962403 5.0396119449981605 1
5.087175353289173 4.002209862670926 1
4.97986324501626 5.150946613595035 1
4.438251887545809 5.286269780318621 1
4.840584482924781 5.460021972519038 1
5.492815009422062 5.713998930453401 1
5.057648182273833 5.242118941399153 1
5.417228615874217 4.846907647665777 1
6.142518543648432 6.428063623464624 1
5.60361586918383 4.290286872467666 1
4.675878571452869 5.292024550863675 1
4.904463310771495 4.991048394607565 1
3.952659497950469 4.866807489642731 1
5.015832043097317 5.192645305255149 1
4.280509688107877 4.8064463985844945 1
4.622801270809071 3.783284036757281 1
3.776821786114726 3.8717255350608615 1
5.195439366792272 4.679726722621629 1
4.900397931542238 4.047035043852854 1
3.4722194161656406 5.539669891091415 1
5.579342496876565 4.886634935831957 1
4.934757687048001 6.226981589055981 1
4.7442101261673075 5.170063441993171 1
5.061329389118104 4.5589798385862625 1
4.068829288801115 4.332871821413423 1
6.502963568924944 4.341808822820449 1
5.383130335426017 5.337768746841096 1
5.363669143087532 4.95506399247168 1
5.146262394306248 4.166301245689566 1
2.4529026375657756 4.1110170196131826 1
5.580821116032879 5.716040973999524 1
4.988841381107354 4.904887346141453 1
3.8027233309076744 5.283701281439264 1
4.723351501529385 4.714128334741891 1
6.820672657298658 4.369618976896696 1
4.821132110862301 5.743049567081217 1
5.638608566075598 4.272420341013712 1
4.9378217012282 5.054616110548055 1
4.97131748387281 4.664609935131271 1
5.614589832973307 4.889083094057063 1
4.506430757633551 4.951078314876633 1
5.288496360936711 4.447830671032047 1
4.8153265103046365 5.1874047802032095 1
4.962870660867462 4.866975817239282 1
4.512618320791082 5.515152452065534 1
3.765005986778891 4.699562503619935 1
4.518733317209479 4.7172423066571945 1
4.950469966349454 4.872143171301712 1
4.999951424939039 4.919561333201332 1
5.316277171009718 4.15932579150399 1
5.184923687733742 4.981704769887347 1
5.9606041576759 5.875308349869276 1
5.015570573560326 6.027523009210853 1
4.86920822430456 4.7588521307742555 1
5.335938173190574 4.91866820750209 1
